7
136
126 103 41 130 16 120 74 124 108 52 97 25 14 107 11 24 85 118 68 129 58 27 76 49 95 36 10 47 115 93 43 40 42 37 91 98 81 134 69 38 80 61 55 62 116 132 30 125 17 106 26 89 111 13 45 67 127 72 32 112 100 136 44 19 63 46 5 23 6 29 122 3 65 39 53 114 113 77 54 12 28 4 60 33 78 75 87 102 101 20 128 82 117 133 15 1 56 84 50 135 94 83 73 123 51 66 9 79 57 18 70 48 99 31 59 110 64 22 109 131 7 2 104 119 21 96 121 92 35 88 105 8 34 86 90 71
169
36 39 42 48 34 141 129 14 43 86 161 158 69 79 64 137 136 38 50 93 71 123 147 135 18 22 61 99 102 98 119 72 127 54 53 94 29 153 78 133 112 109 13 117 59 122 85 26 167 108 154 149 106 5 27 37 130 74 57 138 128 116 120 143 114 44 81 62 2 41 84 111 80 65 49 168 70 110 107 25 164 8 58 131 121 88 100 92 32 17 159 60 113 4 156 11 24 145 101 134 83 31 6 63 160 165 7 140 52 95 55 33 15 20 67 126 125 157 142 16 148 90 118 30 151 23 139 105 162 21 40 150 9 73 87 56 66 35 45 96 91 169 146 12 68 76 115 82 75 51 77 103 89 144 1 124 152 163 166 47 28 155 132 10 3 19 97 46 104
142
71 125 23 28 82 103 101 24 142 116 64 77 21 121 37 32 122 19 7 62 137 74 38 98 2 72 135 81 88 14 99 50 16 26 139 18 20 92 45 128 113 120 110 76 22 25 36 44 134 114 102 65 46 87 34 130 104 91 136 59 58 60 11 39 33 55 117 141 96 61 112 1 51 3 54 73 133 140 52 138 53 119 66 127 4 31 115 106 107 132 67 68 123 63 13 75 89 131 8 69 93 70 29 94 30 80 129 100 47 83 84 105 43 78 109 90 79 126 35 108 49 9 10 48 41 86 124 42 12 56 85 111 6 17 27 40 15 118 95 97 5 57
189
172 105 171 156 175 90 76 80 166 157 57 169 47 183 160 84 134 131 99 26 146 4 154 120 34 56 59 104 94 27 64 52 144 49 177 133 12 36 75 129 149 21 188 159 41 107 150 109 32 53 2 143 130 29 137 174 136 69 119 181 163 18 23 85 5 28 135 38 96 67 55 9 189 167 100 106 97 71 78 22 185 16 1 40 178 128 180 101 10 48 145 74 13 20 39 118 83 95 25 30 117 127 15 179 116 162 66 3 170 98 108 8 14 176 103 124 152 125 37 93 61 87 122 140 142 65 139 123 173 88 50 6 58 158 60 114 138 111 86 79 168 161 51 42 151 126 62 165 81 24 121 54 43 141 68 113 77 102 92 155 31 44 33 115 19 72 63 45 73 89 35 164 186 112 110 17 148 153 91 82 184 182 7 46 147 132 11 70 187
133
122 99 43 115 104 105 7 31 67 14 21 98 81 126 44 85 116 50 24 15 91 25 12 1 106 11 114 33 132 127 102 68 49 5 90 83 6 56 77 133 75 93 62 34 29 16 101 59 20 76 100 103 95 28 107 4 18 96 53 74 22 2 3 92 118 9 117 13 45 27 121 110 63 54 55 124 94 86 72 64 82 119 40 88 39 120 87 70 130 66 109 36 78 38 69 111 131 84 58 46 57 52 17 97 108 30 48 51 123 61 41 10 129 113 19 112 79 26 71 42 47 37 89 8 23 60 125 35 65 80 32 73 128
136
42 4 91 103 62 128 21 81 2 54 63 7 37 98 125 118 45 51 107 22 124 121 105 86 70 55 94 80 74 90 87 127 96 39 93 14 11 19 106 111 3 101 47 92 108 104 48 109 88 43 112 134 57 85 38 66 65 34 53 30 27 73 64 130 99 131 18 24 77 67 83 41 5 95 6 84 129 117 52 8 35 116 1 114 123 50 32 25 23 120 115 126 102 44 78 46 40 33 13 72 97 119 68 133 12 113 60 69 122 20 76 75 135 82 58 110 15 9 59 132 16 89 49 26 10 36 71 79 28 136 29 61 56 100 17 31
105
101 61 83 65 22 47 35 20 51 93 4 53 48 11 8 40 102 105 50 25 42 39 37 92 82 36 49 27 56 52 91 96 43 18 38 23 14 34 78 2 41 3 94 68 1 10 12 80 13 30 72 97 73 99 69 32 104 24 9 64 60 81 28 62 103 55 6 95 63 33 46 70 26 75 7 15 76 71 90 77 84 87 58 86 29 89 66 45 74 57 21 88 44 67 5 79 19 100 85 54 31 16 59 98 17